    0.8151     0.9832     0.9793     0.6734          0          0          0      9.552      1.198      10.75        352        352          2
    0.8696     0.9832      0.984      0.689          0          0          0       10.4     0.9909      11.39        384        384          2
    0.8659     0.9832     0.9832     0.6961          0          0          0      11.12      1.228      12.35        416        416          2
    0.8479     0.9916     0.9875     0.7115          0          0          0      12.45      1.332      13.78        448        448          2
    0.8864          1      0.995      0.721          0          0          0      10.45      1.137      11.59        480        480          2
     0.891     0.9916      0.993     0.7584          0          0          0      12.12      1.324      13.44        512        512          2
    0.8683          1      0.995     0.7534          0          0          0      12.64      1.577      14.22        544        544          2
    0.9178          1      0.995     0.7655          0          0          0      11.21      1.343      12.55        576        576          2
     0.879          1      0.995     0.7598          0          0          0      12.09      1.346      13.43        608        608          2
    0.8785     0.9916     0.9931      0.768          0          0          0      12.84      1.327      14.17        640        640          2
    0.8967     0.9916     0.9898     0.7559          0          0          0      13.89      1.325      15.22        672        672          2
    0.8927     0.9916     0.9922     0.7555          0          0          0       15.3      1.472      16.77        704        704          2
    0.9006          1     0.9933     0.7618          0          0          0      15.45      1.354      16.81        736        736          2
    0.8524     0.9922     0.9916     0.7485          0          0          0      17.88       1.36      19.24        768        768          2
    0.8877     0.9861     0.9923     0.7571          0          0          0      19.41      1.466      20.88        800        800          2
    0.8554     0.9785     0.9833     0.7452          0          0          0      21.07      1.412      22.48        832        832          2
    0.8324     0.9832     0.9845     0.7373          0          0          0      22.63      1.406      24.04        864        864          2
     0.831     0.9798     0.9861     0.7393          0          0          0      24.16      1.366      25.52        896        896          2
    0.8315     0.9916     0.9909     0.7397          0          0          0      25.86      1.513      27.37        928        928          2
    0.8307     0.9748     0.9809     0.7498          0          0          0      27.64      1.453      29.09        960        960          2
    0.8418     0.9832     0.9871     0.7325          0          0          0      28.25      1.463      29.71        992        992          2
    0.8147     0.9832      0.982     0.7386          0          0          0      30.85        1.5      32.35       1024       1024          2
    0.7924     0.9832     0.9846     0.7253          0          0          0       32.3      1.486      33.78       1056       1056          2
